   6  4.745E-15  7.800E+00  1.010E+08 
   6  4.760E-15  7.900E+00  1.010E+10 
   6  4.910E-15  8.150E+00  1.010E+11 
   6  6.990E-15  1.160E+01  1.210E+12 
   6  9.880E-15  1.640E+01  1.400E+13 
   6  2.720E-14  4.510E+01  1.700E+14
   7  1.270E-13  2.120E+02  5.820E+15
   8  6.930E-13  1.150E+03  1.900E+17
   1  6.295E-12  1.044E+04  9.744E+18
   2  1.581E-11  2.622E+04  4.968E+19
   3  3.972E-11  6.587E+04  2.431E+20
   4  9.976E-11  1.654E+05  1.151E+21
   5  2.506E-10  4.156E+05  5.266E+21
   6  6.294E-10  1.044E+06  2.318E+22
   7  1.581E-09  2.622E+06  9.755E+22
   8  3.972E-09  6.588E+06  3.911E+23
   9  5.000E-09  8.293E+06  5.259E+23
  10  9.976E-09  1.655E+07  1.435E+24
  11  1.990E-08  3.302E+07  3.833E+24
   1  3.973E-08  6.592E+07  1.006E+25
   2  7.926E-08  1.315E+08  2.604E+25
   3  1.581E-07  2.625E+08  6.676E+25
   4  1.991E-07  3.305E+08  8.738E+25
   5  3.156E-07  5.239E+08  1.629E+26
   6  5.001E-07  8.303E+08  3.029E+26
   7  6.296E-07  1.046E+09  4.129E+26
   8  9.667E-07  1.606E+09  6.860E+26
   9  1.532E-06  2.545E+09  1.272E+27
  10  2.507E-06  4.166E+09  2.356E+27
  11  3.974E-06  6.606E+09  4.362E+27
  12  4.830E-06  8.031E+09  5.662E+27
  13  6.081E-06  1.011E+10  7.702E+27
  14  7.930E-06  1.319E+10  1.048E+28
  15  9.982E-06  1.661E+10  1.425E+28
  16  1.257E-05  2.091E+10  1.938E+28
  17  1.522E-05  2.533E+10  2.503E+28
  18  1.991E-05  3.315E+10  3.404E+28
  19  2.507E-05  4.174E+10  4.628E+28
  44  2.791E-05  4.652E+10  5.367E+28
  45  3.807E-05  6.347E+10  7.913E+28
  46  5.063E-05  8.444E+10  1.127E+29
  47  6.592E-05  1.100E+11  1.561E+29
  48  8.433E-05  1.408E+11  2.109E+29
  49  1.062E-04  1.774E+11  2.790E+29
  50  1.321E-04  2.207E+11  3.625E+29
  51  1.624E-04  2.714E+11  4.635E+29
  52  1.690E-04  2.825E+11  4.859E+29
  53  1.759E-04  2.940E+11  5.093E+29
  54  1.830E-04  3.058E+11  5.334E+29
  55  1.902E-04  3.180E+11  5.584E+29
  56  1.977E-04  3.305E+11  5.843E+29
  57  2.054E-04  3.434E+11  6.109E+29
  58  2.079E-04  3.476E+11  6.197E+29
  59  2.082E-04  3.481E+11  6.208E+29
  60  2.091E-04  3.495E+11  6.215E+29
  61  2.160E-04  3.612E+11  6.357E+29
  62  2.231E-04  3.730E+11  6.468E+29
  63  2.311E-04  3.865E+11  6.581E+29
  64  2.401E-04  4.016E+11  6.700E+29
  65  2.500E-04  4.180E+11  6.823E+29
   1  2.643E-04  4.420E+11  6.995E+29
   2  3.053E-04  5.108E+11  7.468E+29
   3  3.533E-04  5.912E+11  8.015E+29
   4  4.076E-04  6.822E+11  8.644E+29
   5  4.680E-04  7.834E+11  9.367E+29
   6  5.341E-04  8.943E+11  1.019E+30
   7  6.059E-04  1.015E+12  1.113E+30
   8  7.661E-04  1.283E+12  1.337E+30
   9  1.262E-03  2.114E+12  2.155E+30
  10  1.895E-03  3.177E+12  3.427E+30
  11  2.673E-03  4.483E+12  5.268E+30
  12  3.606E-03  6.051E+12  7.798E+30
  12  4.710E-03  7.906E+12  1.115E+31
  13  7.496E-03  1.259E+13  2.089E+31
  14  1.120E-02  1.882E+13  3.584E+31
  15  1.600E-02  2.692E+13  5.761E+31
  16  2.207E-02  3.717E+13  8.812E+31
  17  2.948E-02  4.968E+13  1.295E+32
  18  4.268E-02  7.202E+13  2.162E+32
  19  6.220E-02  1.051E+14  3.847E+32
  20  7.317E-02  1.237E+14  5.046E+32
  21  7.596E-02  1.284E+14  5.371E+32
   1  1.000E-01  1.694E+14  9.915E+32
